4 0.230627 0.786841 0.305150 0.284416
0 0.151786 0.770161 0.011905 0.008065
0 0.147321 0.754032 0.014881 0.008065
1 0.309524 0.770161 0.017857 0.016129
4 0.564690 0.133320 0.379921 0.235044
0 0.639881 0.192540 0.011905 0.006048
0 0.598214 0.207661 0.011905 0.008065
1 0.498512 0.123992 0.026786 0.018145
2 0.404762 0.177419 0.011905 0.012097
4 0.603274 0.489034 0.594759 0.275506
0 0.735119 0.401210 0.035714 0.020161
1 0.714286 0.475806 0.023810 0.024194
2 0.732143 0.444556 0.023810 0.014113
