4 0.181601 0.842883 0.087836 0.120523
3 0.169237 0.831349 0.007305 0.007937
3 0.167208 0.806548 0.006494 0.007937
3 0.213880 0.818948 0.007305 0.008929
0 0.199675 0.855159 0.004870 0.003968
0 0.163961 0.812996 0.003247 0.002976
1 0.181818 0.858631 0.004870 0.006944
4 0.243087 0.616282 0.092641 0.130236
3 0.228084 0.616567 0.009740 0.012897
0 0.240260 0.640377 0.003247 0.002976
0 0.232143 0.591766 0.003247 0.002976
1 0.256899 0.583829 0.002435 0.002976
1 0.238231 0.657738 0.002435 0.003968
1 0.254870 0.574405 0.003247 0.003968
4 0.368327 0.243742 0.085023 0.119300
3 0.372971 0.272321 0.005682 0.006944
3 0.380276 0.203869 0.005682 0.006944
3 0.365666 0.247520 0.012175 0.014881
1 0.359984 0.208829 0.004058 0.006944
4 0.045001 0.125859 0.090001 0.109475
3 0.043831 0.136905 0.008117 0.009921
3 0.029221 0.093254 0.006494 0.007937
0 0.064529 0.142857 0.007305 0.007937
0 0.006494 0.100198 0.003247 0.003968
1 0.012175 0.082341 0.003247 0.003968
4 0.295034 0.494728 0.086493 0.114775
3 0.303166 0.498512 0.008929 0.010913
3 0.299513 0.527282 0.006494 0.008929
3 0.292208 0.497024 0.009740 0.011905
0 0.289367 0.484623 0.002435 0.002976
1 0.302354 0.459325 0.005682 0.005952
1 0.294237 0.490575 0.002435 0.002976
4 0.728249 0.065901 0.147196 0.129813
3 0.697240 0.025794 0.008117 0.009921
3 0.743912 0.076885 0.007305 0.008929
3 0.695617 0.100694 0.008117 0.010913
0 0.770292 0.019345 0.003247 0.002976
0 0.677354 0.062500 0.007305 0.007937
0 0.761769 0.065972 0.007305 0.008929
0 0.778409 0.029762 0.003247 0.003968
1 0.688312 0.082837 0.006494 0.010913
1 0.704140 0.055556 0.004058 0.005952
1 0.749594 0.044643 0.002435 0.003968
4 0.097786 0.942132 0.106432 0.107844
3 0.135958 0.942460 0.008929 0.011905
3 0.097403 0.973214 0.009740 0.011905
3 0.083604 0.932540 0.011364 0.013889
0 0.072240 0.941468 0.004870 0.005952
0 0.092938 0.928075 0.004058 0.002976
0 0.089286 0.967758 0.003247 0.002976
0 0.101867 0.905258 0.002435 0.002976
1 0.090097 0.946429 0.003247 0.003968
1 0.094156 0.908730 0.004870 0.003968
4 0.679970 0.723447 0.101719 0.141480
3 0.694399 0.726687 0.007305 0.008929
3 0.693588 0.706349 0.008929 0.009921
0 0.664773 0.686508 0.003247 0.005952
1 0.666396 0.752976 0.004870 0.005952
4 0.468880 0.375046 0.103942 0.127359
3 0.491071 0.348710 0.006494 0.006944
3 0.465503 0.358631 0.008929 0.010913
0 0.441558 0.382937 0.004870 0.007937
0 0.490260 0.411706 0.003247 0.005952
4 0.634426 0.173847 0.103996 0.126601
3 0.599838 0.193948 0.006494 0.006944
3 0.620942 0.141865 0.006494 0.007937
3 0.638393 0.173115 0.005682 0.006944
0 0.622159 0.209325 0.004058 0.003968
1 0.646104 0.139881 0.004870 0.003968
4 0.418161 0.519217 0.097924 0.114126
3 0.400974 0.548611 0.008117 0.009921
3 0.405032 0.534226 0.006494 0.008929
3 0.384740 0.516369 0.008117 0.010913
0 0.404221 0.511905 0.003247 0.003968
1 0.400162 0.515873 0.003247 0.003968
4 0.438208 0.122742 0.095743 0.117076
3 0.450487 0.111607 0.006494 0.006944
3 0.448864 0.099206 0.006494 0.007937
0 0.425325 0.099206 0.006494 0.009921
0 0.437500 0.146825 0.003247 0.003968
1 0.466721 0.112103 0.003247 0.003968
1 0.433036 0.152282 0.002435 0.002976
4 0.612532 0.405950 0.094239 0.127433
3 0.604302 0.437500 0.005682 0.007937
3 0.637987 0.404762 0.008117 0.009921
3 0.581981 0.436508 0.008117 0.009921
0 0.624594 0.427579 0.005682 0.005952
1 0.597403 0.429563 0.004870 0.005952
4 0.342493 0.831922 0.089034 0.112948
3 0.338068 0.827381 0.007305 0.009921
3 0.355114 0.851687 0.007305 0.008929
0 0.364854 0.845734 0.002435 0.002976
0 0.344156 0.864583 0.006494 0.006944
1 0.358766 0.820437 0.003247 0.005952
4 0.944517 0.079043 0.079173 0.107661
3 0.947646 0.104663 0.005682 0.006944
3 0.955763 0.091766 0.010552 0.012897
0 0.939935 0.110615 0.004870 0.004960
0 0.962256 0.069940 0.002435 0.002976
1 0.964692 0.058036 0.004058 0.004960
1 0.953328 0.079861 0.002435 0.002976
1 0.939123 0.072917 0.003247 0.002976
4 0.535462 0.622107 0.072970 0.088497
0 0.553166 0.608135 0.004058 0.005952
0 0.516640 0.634425 0.005682 0.004960
1 0.545860 0.610615 0.004058 0.004960
1 0.540990 0.604167 0.004058 0.005952
4 0.156474 0.700245 0.102873 0.128533
3 0.160714 0.670635 0.006494 0.007937
3 0.169237 0.678075 0.005682 0.006944
0 0.127029 0.681548 0.004058 0.005952
1 0.178166 0.725198 0.004058 0.005952
1 0.137581 0.681548 0.004058 0.003968
4 0.615108 0.564149 0.073673 0.089537
3 0.628247 0.546627 0.006494 0.007937
3 0.603896 0.575397 0.008117 0.009921
0 0.608360 0.580853 0.002435 0.006944
0 0.609172 0.563988 0.002435 0.002976
1 0.627841 0.555060 0.004058 0.004960
1 0.603490 0.567956 0.002435 0.002976
4 0.349512 0.602342 0.084681 0.097838
3 0.331981 0.583333 0.006494 0.007937
3 0.344156 0.629960 0.006494 0.007937
3 0.322646 0.580357 0.007305 0.009921
0 0.324675 0.609127 0.003247 0.005952
1 0.358360 0.586806 0.004058 0.004960
4 0.137992 0.084654 0.065224 0.084294
0 0.127435 0.099206 0.008117 0.009921
0 0.123782 0.064484 0.005682 0.007937
1 0.125000 0.110119 0.004870 0.005952
1 0.168019 0.087302 0.004870 0.007937
4 0.605865 0.812864 0.100249 0.106807
3 0.575487 0.809028 0.008117 0.008929
3 0.609578 0.852183 0.006494 0.007937
0 0.570617 0.815476 0.003247 0.003968
0 0.600244 0.798115 0.004058 0.002976
1 0.602679 0.820933 0.004058 0.004960
4 0.982066 0.601865 0.035869 0.080098
0 0.985390 0.620536 0.004870 0.006944
0 0.992289 0.608631 0.004058 0.004960
0 0.993101 0.611111 0.005682 0.009921
4 0.350427 0.712990 0.094776 0.123197
3 0.374594 0.723710 0.007305 0.008929
3 0.323864 0.724206 0.006494 0.007937
0 0.321023 0.693948 0.004058 0.004960
0 0.356737 0.725198 0.002435 0.003968
1 0.354708 0.750496 0.004870 0.006944
1 0.356331 0.730655 0.003247 0.002976
