4 0.200175 0.508454 0.218313 0.341625
0 0.212500 0.484375 0.010000 0.015625
0 0.248750 0.515625 0.007500 0.015625
0 0.161250 0.501953 0.007500 0.011719
0 0.141250 0.527344 0.007500 0.015625
1 0.188750 0.488281 0.012500 0.015625
1 0.232500 0.523438 0.015000 0.023438
4 0.730685 0.667557 0.298553 0.325265
0 0.763750 0.667969 0.012500 0.015625
0 0.617500 0.677734 0.010000 0.019531
0 0.693750 0.722656 0.007500 0.015625
1 0.708750 0.544922 0.012500 0.019531
1 0.751250 0.734375 0.022500 0.023438
1 0.690000 0.679688 0.010000 0.023438
4 0.431843 0.499384 0.257573 0.347736
0 0.507500 0.355469 0.010000 0.023438
0 0.441250 0.445312 0.012500 0.015625
0 0.321250 0.488281 0.007500 0.015625
0 0.498750 0.451172 0.022500 0.027344
1 0.381250 0.474609 0.012500 0.019531
4 0.731864 0.340805 0.236712 0.424971
0 0.697500 0.191406 0.010000 0.015625
0 0.792500 0.312500 0.010000 0.015625
0 0.650000 0.433594 0.010000 0.015625
0 0.692500 0.433594 0.010000 0.015625
1 0.708750 0.542969 0.012500 0.015625
1 0.688750 0.269531 0.012500 0.015625
