4 0.413540 0.847897 0.186977 0.221811
3 0.447066 0.884375 0.011480 0.011250
3 0.414541 0.809375 0.015306 0.013750
3 0.422194 0.876875 0.015306 0.013750
1 0.453444 0.896250 0.006378 0.005000
4 0.728293 0.206023 0.213964 0.194674
3 0.744260 0.176250 0.011480 0.012500
3 0.757015 0.185625 0.011480 0.011250
0 0.785077 0.211875 0.003827 0.003750
1 0.708546 0.155625 0.006378 0.006250
4 0.486374 0.256746 0.228095 0.219291
3 0.445791 0.178125 0.016582 0.016250
3 0.473852 0.338125 0.016582 0.016250
0 0.448980 0.281250 0.007653 0.007500
0 0.545281 0.296250 0.008929 0.005000
0 0.557398 0.305625 0.005102 0.006250
1 0.544643 0.317500 0.007653 0.010000
1 0.447066 0.293750 0.008929 0.007500
1 0.434949 0.302500 0.007653 0.005000
4 0.248664 0.719092 0.224746 0.208898
3 0.255102 0.777500 0.012755 0.012500
3 0.205995 0.795000 0.008929 0.010000
3 0.215561 0.662500 0.012755 0.012500
0 0.197704 0.771250 0.005102 0.005000
1 0.209184 0.769375 0.005102 0.006250
4 0.185447 0.172766 0.214450 0.204000
3 0.193240 0.177500 0.014031 0.012500
3 0.228316 0.101250 0.012755 0.012500
0 0.151786 0.117500 0.005102 0.005000
0 0.099490 0.221875 0.005102 0.006250
1 0.097577 0.211250 0.003827 0.005000
1 0.167092 0.115625 0.007653 0.006250
4 0.680511 0.714331 0.204350 0.182542
3 0.636480 0.669375 0.012755 0.013750
3 0.723852 0.723125 0.014031 0.013750
0 0.634566 0.714375 0.006378 0.006250
1 0.642857 0.710000 0.005102 0.005000
4 0.179557 0.502316 0.201334 0.185592
3 0.116709 0.461875 0.011480 0.011250
3 0.185587 0.566875 0.011480 0.011250
3 0.140306 0.448750 0.012755 0.012500
0 0.148597 0.492500 0.006378 0.005000
4 0.171044 0.343719 0.206327 0.151852
3 0.159439 0.373750 0.010204 0.010000
3 0.237245 0.359375 0.012755 0.011250
0 0.140306 0.316875 0.005102 0.006250
0 0.223214 0.317500 0.005102 0.005000
0 0.170281 0.369375 0.003827 0.003750
1 0.160714 0.320625 0.005102 0.003750
1 0.235332 0.316250 0.008929 0.005000
1 0.235969 0.374375 0.005102 0.003750
